Parameter	Posterior Mean	Posterior Variance	a_post	b_post
R/theta	0.591459	0.000116292	3008.14	5085.97
1/delta	0.000945773	2.97038e-10	3011.35	3.18401e+06
nu	0.0138805	4.3608e-09	44182	3.18302e+06
124-2.whole.wo.indels.fasta.chr-7	1.27345e-05	4.99554e-12	32.4624	2.54917e+06
131-4.whole.wo.indels.fasta.chr-7	1.43729e-05	5.70283e-12	36.2243	2.52031e+06
132-2.whole.wo.indels.fasta.chr-7	4.83736e-06	1.8963e-12	12.3398	2.55095e+06
134-1.whole.wo.indels.fasta.chr-7	3.83828e-06	1.50358e-12	9.79818	2.55276e+06
14-23s.whole.wo.indels.fasta.chr-7	0.000627466	3.3892e-10	1161.67	1.85137e+06
142-2.whole.wo.indels.fasta.chr-7	2.69906e-06	1.05853e-12	6.88207	2.54981e+06
144-2.whole.wo.indels.fasta.chr-7	5.454e-06	2.13882e-12	13.9077	2.55e+06
15-183s.whole.wo.indels.fasta.chr-7	5.07442e-05	2.08982e-11	123.215	2.42816e+06
15-186s.whole.wo.indels.fasta.chr-7	3.48171e-06	1.36654e-12	8.87083	2.54784e+06
15-19s.whole.wo.indels.fasta.chr-7	4.74695e-06	1.86081e-12	12.1095	2.55101e+06
15-1s.whole.wo.indels.fasta.chr-7	4.99143e-05	2.01825e-11	123.445	2.47315e+06
15-20s.whole.wo.indels.fasta.chr-7	5.72464e-05	2.32342e-11	141.049	2.46389e+06
15-235s.whole.wo.indels.fasta.chr-7	4.94733e-05	1.98658e-11	123.207	2.49038e+06
15-43s.whole.wo.indels.fasta.chr-7	4.91082e-06	1.93179e-12	12.4838	2.5421e+06
151-3.whole.wo.indels.fasta.chr-7	7.2351e-06	2.83183e-12	18.4851	2.55492e+06
152-1.whole.wo.indels.fasta.chr-7	6.14005e-06	2.41279e-12	15.6251	2.54479e+06
152-3.whole.wo.indels.fasta.chr-7	3.70771e-06	1.45803e-12	9.42855	2.54296e+06
152-4.whole.wo.indels.fasta.chr-7	4.63792e-06	1.82145e-12	11.8095	2.54629e+06
212-2.whole.wo.indels.fasta.chr-7	4.62798e-06	1.81823e-12	11.7797	2.54532e+06
213-1.whole.wo.indels.fasta.chr-7	5.32281e-06	2.08739e-12	13.5731	2.54998e+06
38-1.whole.wo.indels.fasta.chr-7	1.93335e-06	7.59188e-13	4.92347	2.5466e+06
45-1.whole.wo.indels.fasta.chr-7	5.54187e-06	2.17791e-12	14.1017	2.54458e+06
45-12.whole.wo.indels.fasta.chr-7	4.35234e-06	1.71018e-12	11.0765	2.54496e+06
45-13.whole.wo.indels.fasta.chr-7	3.59111e-06	1.41135e-12	9.13739	2.54444e+06
45-4.whole.wo.indels.fasta.chr-7	3.89419e-06	1.52584e-12	9.93859	2.55216e+06
47-10.whole.wo.indels.fasta.chr-7	1.77933e-06	6.98217e-13	4.5344	2.54838e+06
54-1.whole.wo.indels.fasta.chr-7	7.05203e-05	2.84501e-11	174.801	2.47873e+06
54-10.whole.wo.indels.fasta.chr-7	4.24032e-05	1.71972e-11	104.553	2.4657e+06
736-1.whole.wo.indels.fasta.chr-7	0.000104819	4.22955e-11	259.766	2.47824e+06
As_615.whole.wo.indels.fasta.chr-7	5.46989e-06	2.14442e-12	13.9523	2.55075e+06
As_628.whole.wo.indels.fasta.chr-7	5.04083e-06	1.9777e-12	12.8483	2.54884e+06
As_676-1.whole.wo.indels.fasta.chr-7	2.01121e-05	8.07923e-12	50.0663	2.48936e+06
As_687-1.whole.wo.indels.fasta.chr-7	5.77136e-06	2.26317e-12	14.7177	2.55013e+06
As_691-1.whole.wo.indels.fasta.chr-7	5.01629e-06	1.96721e-12	12.7913	2.54995e+06
As_692-1.whole.wo.indels.fasta.chr-7	4.49508e-06	1.76279e-12	11.4624	2.54998e+06
As_711-2.whole.wo.indels.fasta.chr-7	3.75677e-06	1.47485e-12	9.56933	2.54722e+06
As_720-3.whole.wo.indels.fasta.chr-7	4.35957e-06	1.71183e-12	11.1027	2.54673e+06
As_732-1.whole.wo.indels.fasta.chr-7	6.3658e-06	2.49504e-12	16.2416	2.55139e+06
As_737-1.whole.wo.indels.fasta.chr-7	3.35025e-06	1.31573e-12	8.5308	2.54632e+06
As_739-3.whole.wo.indels.fasta.chr-7	3.61276e-05	1.43688e-11	90.8362	2.51432e+06
As_746-1.whole.wo.indels.fasta.chr-7	5.96166e-06	2.33598e-12	15.2148	2.5521e+06
As_749-3.whole.wo.indels.fasta.chr-7	2.37299e-05	9.63138e-12	58.4659	2.46381e+06
As_754-2.whole.wo.indels.fasta.chr-7	7.4059e-06	2.90814e-12	18.8599	2.54661e+06
As_774-1.whole.wo.indels.fasta.chr-7	4.15749e-06	1.63015e-12	10.6031	2.55037e+06
As_CONR4D.whole.wo.indels.fasta.chr-7	9.49205e-06	3.71879e-12	24.228	2.55245e+06
As_CONRI4.whole.wo.indels.fasta.chr-7	6.92436e-06	2.7193e-12	17.632	2.54638e+06
As_OONR2J.whole.wo.indels.fasta.chr-7	4.70023e-06	1.84443e-12	11.9778	2.54834e+06
As_T2R3B.whole.wo.indels.fasta.chr-7	7.10382e-06	2.79405e-12	18.0613	2.54248e+06
NODE_49	3.63308e-05	1.46544e-11	90.0708	2.47918e+06
NODE_50	1.5422e-05	6.0748e-12	39.1514	2.53868e+06
NODE_51	1.26613e-06	4.95642e-13	3.23436	2.55452e+06
NODE_52	1.15102e-06	4.50386e-13	2.94161	2.55564e+06
NODE_53	3.4405e-06	1.34715e-12	8.78674	2.55391e+06
NODE_54	2.68097e-06	1.0494e-12	6.84928	2.55477e+06
NODE_55	3.09229e-06	1.21075e-12	7.89779	2.55403e+06
NODE_56	2.45217e-06	9.59987e-13	6.26379	2.55438e+06
NODE_57	6.02183e-05	2.45827e-11	147.512	2.44962e+06
NODE_58	4.81896e-05	1.91453e-11	121.295	2.51704e+06
NODE_59	1.83885e-05	7.28132e-12	46.4391	2.52544e+06
NODE_60	3.07093e-06	1.20206e-12	7.84541	2.55473e+06
NODE_61	3.26452e-06	1.27768e-12	8.341	2.55505e+06
NODE_62	9.63775e-06	3.80803e-12	24.3922	2.5309e+06
NODE_63	3.07818e-06	1.20631e-12	7.85469	2.55173e+06
NODE_64	1.62062e-06	6.34466e-13	4.13957	2.55431e+06
NODE_65	2.13603e-06	8.36898e-13	5.45182	2.55232e+06
NODE_66	3.41402e-06	1.33905e-12	8.70431	2.54958e+06
NODE_67	3.07085e-06	1.2028e-12	7.84012	2.55308e+06
NODE_68	1.96147e-05	7.74515e-12	49.6745	2.53251e+06
NODE_69	1.07216e-05	4.22791e-12	27.1891	2.53591e+06
NODE_70	4.97199e-05	1.97856e-11	124.943	2.51293e+06
NODE_71	5.33692e-06	2.09167e-12	13.6172	2.55151e+06
NODE_72	1.10768e-05	4.34367e-12	28.2468	2.55009e+06
NODE_73	4.5856e-05	1.85104e-11	113.599	2.47731e+06
NODE_74	8.00604e-05	3.28404e-11	195.176	2.43786e+06
NODE_75	5.08553e-06	1.99257e-12	12.9796	2.55225e+06
NODE_76	4.64007e-05	1.85225e-11	116.238	2.50509e+06
NODE_77	1.818e-05	7.28412e-12	45.3743	2.49584e+06
NODE_78	3.41066e-06	1.3366e-12	8.70311	2.55174e+06
NODE_79	5.46995e-05	2.17014e-11	137.873	2.52055e+06
NODE_80	1.16426e-05	4.60555e-12	29.432	2.52795e+06
NODE_81	9.15304e-06	3.69602e-12	22.6672	2.47646e+06
NODE_82	7.09774e-06	2.84129e-12	17.7306	2.49807e+06
NODE_83	4.12788e-05	1.63924e-11	103.947	2.51817e+06
NODE_84	3.46927e-05	1.38685e-11	86.7856	2.50155e+06
NODE_85	2.33984e-05	9.39707e-12	58.2611	2.48996e+06
NODE_86	9.51716e-06	3.75031e-12	24.1517	2.5377e+06
NODE_87	4.19182e-05	1.68085e-11	104.538	2.49386e+06
NODE_88	4.40792e-05	1.75043e-11	111	2.51819e+06
NODE_89	5.81444e-05	2.32561e-11	145.371	2.50018e+06
NODE_90	3.16245e-06	1.24111e-12	8.0582	2.54809e+06
NODE_91	1.9816e-06	7.75923e-13	5.06075	2.55387e+06
NODE_92	1.15115e-06	4.51232e-13	2.93672	2.55112e+06
NODE_93	1.23621e-05	4.91681e-12	31.0816	2.51426e+06
