Parameter	Posterior Mean	Posterior Variance	a_post	b_post
R/theta	0.547037	8.81017e-06	33966.4	62091.6
1/delta	0.00104806	3.23386e-11	33966.3	3.24089e+07
nu	0.0167541	5.16976e-10	542965	3.24079e+07
124-2.whole.wo.indels	3.01842e-05	9.33762e-13	975.713	3.23253e+07
131-4.whole.wo.indels	2.75885e-05	8.53414e-13	891.859	3.23272e+07
132-2.whole.wo.indels	2.72802e-06	8.32552e-14	89.389	3.2767e+07
134-1.whole.wo.indels	2.11853e-06	6.46613e-14	69.4107	3.27636e+07
14-23s.whole.wo.indels	0.000518205	1.95408e-11	13742.4	2.65191e+07
142-2.whole.wo.indels	1.82635e-06	5.57469e-14	59.8336	3.27614e+07
144-2.whole.wo.indels	2.3323e-06	7.11769e-14	76.4237	3.27676e+07
15-183s.whole.wo.indels	4.69874e-05	1.46089e-12	1511.29	3.21637e+07
15-186s.whole.wo.indels	3.14713e-06	9.60366e-14	103.132	3.27701e+07
15-19s.whole.wo.indels	2.22523e-06	6.79373e-14	72.8853	3.27541e+07
15-1s.whole.wo.indels	3.45225e-05	1.07178e-12	1111.98	3.22102e+07
15-20s.whole.wo.indels	5.52246e-05	1.73778e-12	1754.97	3.17788e+07
15-235s.whole.wo.indels	8.20255e-05	2.60492e-12	2582.87	3.14886e+07
15-43s.whole.wo.indels	2.56905e-06	7.84925e-14	84.0847	3.27299e+07
151-3.whole.wo.indels	3.2044e-06	9.77754e-14	105.018	3.2773e+07
152-1.whole.wo.indels	1.92254e-06	5.86818e-14	62.9864	3.27621e+07
152-3.whole.wo.indels	2.5838e-06	7.88727e-14	84.6429	3.27591e+07
152-4.whole.wo.indels	2.96878e-06	9.06584e-14	97.2185	3.27469e+07
212-2.whole.wo.indels	1.77806e-06	5.42826e-14	58.2415	3.27556e+07
213-1.whole.wo.indels	2.17444e-06	6.63654e-14	71.245	3.27647e+07
38-1.whole.wo.indels	2.56336e-06	7.82152e-14	84.0097	3.27732e+07
45-1.whole.wo.indels	2.49192e-06	7.60692e-14	81.6318	3.27586e+07
45-12.whole.wo.indels	2.04879e-06	6.25416e-14	67.116	3.27588e+07
45-13.whole.wo.indels	2.34683e-06	7.16315e-14	76.8879	3.27625e+07
45-4.whole.wo.indels	2.11001e-06	6.43877e-14	69.146	3.27704e+07
47-10.whole.wo.indels	2.13007e-06	6.4995e-14	69.8084	3.27728e+07
54-1.whole.wo.indels	5.62016e-05	1.761e-12	1793.65	3.19145e+07
54-10.whole.wo.indels	4.1045e-05	1.28502e-12	1311.02	3.19411e+07
736-1.whole.wo.indels	0.000102107	3.26405e-12	3194.17	3.12825e+07
As_615.whole.wo.indels	2.61713e-06	7.98928e-14	85.7319	3.2758e+07
As_628.whole.wo.indels	3.54507e-06	1.08256e-13	116.091	3.27471e+07
As_676-1.whole.wo.indels	4.62113e-05	1.45663e-12	1466.05	3.17249e+07
As_687-1.whole.wo.indels	2.90858e-06	8.88101e-14	95.2573	3.27505e+07
As_691-1.whole.wo.indels	2.9565e-06	9.02843e-14	96.8154	3.27466e+07
As_692-1.whole.wo.indels	3.27911e-06	1.00116e-13	107.401	3.27532e+07
As_711-2.whole.wo.indels	2.17143e-06	6.62841e-14	71.1351	3.27595e+07
As_720-3.whole.wo.indels	3.45435e-06	1.05452e-13	113.156	3.27576e+07
As_732-1.whole.wo.indels	2.70426e-06	8.25815e-14	88.5553	3.27466e+07
As_737-1.whole.wo.indels	3.26372e-06	9.96221e-14	106.923	3.2761e+07
As_739-3.whole.wo.indels	4.0339e-05	1.27257e-12	1278.7	3.1699e+07
As_746-1.whole.wo.indels	3.09999e-06	9.46216e-14	101.562	3.27619e+07
As_749-3.whole.wo.indels	3.726e-05	1.16575e-12	1190.92	3.19623e+07
As_754-2.whole.wo.indels	3.04927e-06	9.31199e-14	99.8503	3.27456e+07
As_774-1.whole.wo.indels	2.65112e-06	8.09357e-14	86.8399	3.27559e+07
As_CONR4D.whole.wo.indels	2.66522e-06	8.13338e-14	87.3363	3.27689e+07
As_CONRI4.whole.wo.indels	2.76085e-06	8.42705e-14	90.4505	3.27618e+07
As_OONR2J.whole.wo.indels	3.25943e-06	9.95126e-14	106.759	3.2754e+07
As_T2R3B.whole.wo.indels	4.07545e-06	1.24567e-13	133.336	3.27168e+07
NODE_49	6.30048e-05	1.99121e-12	1993.56	3.16414e+07
NODE_50	2.33942e-05	7.2184e-13	758.185	3.24091e+07
NODE_51	2.06054e-05	6.36804e-13	666.737	3.23575e+07
NODE_52	8.75297e-06	2.68594e-13	285.243	3.25881e+07
NODE_53	3.0835e-05	9.60555e-13	989.843	3.21013e+07
NODE_54	2.69773e-05	8.34633e-13	871.968	3.23223e+07
NODE_55	1.44859e-05	4.45454e-13	471.076	3.25195e+07
NODE_56	2.72417e-05	8.465e-13	876.682	3.21816e+07
NODE_57	1.83991e-05	5.65553e-13	598.574	3.25328e+07
NODE_58	5.00661e-07	1.52729e-14	16.4122	3.2781e+07
NODE_59	3.54227e-07	1.08044e-14	11.6135	3.27855e+07
NODE_60	1.50216e-06	4.58235e-14	49.2427	3.27814e+07
NODE_61	1.12508e-06	3.43303e-14	36.8717	3.27724e+07
NODE_62	2.60704e-05	8.08363e-13	840.794	3.22509e+07
NODE_63	1.86392e-06	5.68834e-14	61.0757	3.27674e+07
NODE_64	7.94369e-05	2.51071e-12	2513.32	3.16392e+07
NODE_65	4.71314e-05	1.46899e-12	1512.18	3.20843e+07
NODE_66	1.11799e-06	3.41126e-14	36.6407	3.27736e+07
NODE_67	8.56883e-05	2.70823e-12	2711.18	3.164e+07
NODE_68	3.31364e-05	1.03069e-12	1065.32	3.21496e+07
NODE_69	1.60987e-06	4.91169e-14	52.7656	3.27763e+07
NODE_70	1.21587e-06	3.70882e-14	39.8601	3.27832e+07
NODE_71	1.04482e-06	3.18788e-14	34.2435	3.27747e+07
NODE_72	3.58887e-05	1.11201e-12	1158.26	3.22736e+07
NODE_73	1.63311e-05	5.03154e-13	530.066	3.24575e+07
NODE_74	1.31634e-05	4.05721e-13	427.081	3.24446e+07
NODE_75	1.08637e-05	3.32789e-13	354.637	3.26443e+07
NODE_76	1.98738e-05	6.12128e-13	645.238	3.24667e+07
NODE_77	2.75331e-05	8.50693e-13	891.122	3.23655e+07
NODE_78	1.50587e-06	4.59374e-14	49.3636	3.27808e+07
NODE_79	1.36173e-05	4.20616e-13	440.853	3.23746e+07
NODE_80	1.26796e-06	3.86804e-14	41.5643	3.27804e+07
NODE_81	1.64082e-06	5.00485e-14	53.7934	3.27845e+07
NODE_82	1.44596e-05	4.45965e-13	468.825	3.24231e+07
NODE_83	4.30981e-05	1.3396e-12	1386.57	3.21724e+07
NODE_84	1.87653e-05	5.7735e-13	609.92	3.25025e+07
NODE_85	2.19495e-05	6.7847e-13	710.097	3.23514e+07
NODE_86	1.29871e-06	3.96247e-14	42.5653	3.27752e+07
NODE_87	1.24992e-06	3.81295e-14	40.9734	3.27809e+07
NODE_88	4.1542e-07	1.267e-14	13.6206	3.27876e+07
NODE_89	1.1479e-06	3.50205e-14	37.6256	3.27779e+07
NODE_90	8.28384e-07	2.52707e-14	27.1547	3.27804e+07
NODE_91	1.2401e-05	3.82728e-13	401.814	3.24017e+07
NODE_92	2.39217e-05	7.45183e-13	767.928	3.21018e+07
NODE_93	1.95023e-05	6.00289e-13	633.594	3.24882e+07
