Parameter	Posterior Mean	Posterior Variance	a_post	b_post
R/theta	0.504676	8.15152e-05	3124.54	6191.19
1/delta	0.00138475	6.13651e-10	3124.81	2.25658e+06
nu	0.0227719	1.00957e-08	51364.1	2.25559e+06
124-2.whole.wo.indels.fasta.chr-4	1.67949e-05	5.90635e-12	47.757	2.84354e+06
131-4.whole.wo.indels.fasta.chr-4	2.13484e-05	7.47978e-12	60.9315	2.85415e+06
132-2.whole.wo.indels.fasta.chr-4	1.02589e-06	3.5675e-13	2.95009	2.87565e+06
134-1.whole.wo.indels.fasta.chr-4	1.02568e-06	3.56599e-13	2.95015	2.87628e+06
14-23s.whole.wo.indels.fasta.chr-4	0.000782649	3.52952e-10	1735.48	2.21744e+06
142-2.whole.wo.indels.fasta.chr-4	6.91216e-07	2.40338e-13	1.98795	2.87602e+06
144-2.whole.wo.indels.fasta.chr-4	6.85917e-07	2.38451e-13	1.97308	2.87655e+06
15-183s.whole.wo.indels.fasta.chr-4	3.42798e-05	1.19326e-11	98.4783	2.87278e+06
15-186s.whole.wo.indels.fasta.chr-4	1.3628e-06	4.73762e-13	3.92015	2.87654e+06
15-19s.whole.wo.indels.fasta.chr-4	3.48467e-07	1.21145e-13	1.00235	2.87644e+06
15-1s.whole.wo.indels.fasta.chr-4	3.84345e-06	1.33659e-12	11.0521	2.87556e+06
15-20s.whole.wo.indels.fasta.chr-4	6.05082e-05	2.14027e-11	171.065	2.82713e+06
15-235s.whole.wo.indels.fasta.chr-4	0.000155225	5.59104e-11	430.953	2.77631e+06
15-43s.whole.wo.indels.fasta.chr-4	3.48285e-07	1.21146e-13	1.00129	2.87492e+06
151-3.whole.wo.indels.fasta.chr-4	2.05724e-06	7.15367e-13	5.91619	2.87579e+06
152-1.whole.wo.indels.fasta.chr-4	6.8598e-07	2.38499e-13	1.97304	2.87623e+06
152-3.whole.wo.indels.fasta.chr-4	1.37438e-06	4.77871e-13	3.95278	2.87605e+06
152-4.whole.wo.indels.fasta.chr-4	2.01006e-06	6.98801e-13	5.78181	2.87644e+06
212-2.whole.wo.indels.fasta.chr-4	1.02696e-06	3.5704e-13	2.95385	2.87631e+06
213-1.whole.wo.indels.fasta.chr-4	1.70198e-06	5.91915e-13	4.89387	2.87539e+06
38-1.whole.wo.indels.fasta.chr-4	1.0283e-06	3.5752e-13	2.9576	2.8762e+06
45-1.whole.wo.indels.fasta.chr-4	2.03952e-06	7.09041e-13	5.86656	2.87644e+06
45-12.whole.wo.indels.fasta.chr-4	1.36477e-06	4.74499e-13	3.92539	2.87623e+06
45-13.whole.wo.indels.fasta.chr-4	1.37755e-06	4.79035e-13	3.96139	2.87568e+06
45-4.whole.wo.indels.fasta.chr-4	1.71598e-06	5.96659e-13	4.9351	2.87597e+06
47-10.whole.wo.indels.fasta.chr-4	6.86177e-07	2.38557e-13	1.9737	2.87637e+06
54-1.whole.wo.indels.fasta.chr-4	1.93764e-05	6.78429e-12	55.3403	2.85607e+06
54-10.whole.wo.indels.fasta.chr-4	7.87114e-05	2.81449e-11	220.128	2.79664e+06
736-1.whole.wo.indels.fasta.chr-4	7.6644e-05	2.73537e-11	214.753	2.80196e+06
As_615.whole.wo.indels.fasta.chr-4	1.05152e-06	3.6569e-13	3.02361	2.87545e+06
As_628.whole.wo.indels.fasta.chr-4	1.70671e-06	5.93558e-13	4.90746	2.87539e+06
As_676-1.whole.wo.indels.fasta.chr-4	7.50516e-05	2.67391e-11	210.656	2.80681e+06
As_687-1.whole.wo.indels.fasta.chr-4	1.36417e-06	4.74252e-13	3.92397	2.87646e+06
As_691-1.whole.wo.indels.fasta.chr-4	6.89174e-07	2.39652e-13	1.98188	2.87573e+06
As_692-1.whole.wo.indels.fasta.chr-4	2.02071e-06	7.02623e-13	5.81145	2.87595e+06
As_711-2.whole.wo.indels.fasta.chr-4	6.8873e-07	2.3949e-13	1.98066	2.87582e+06
As_720-3.whole.wo.indels.fasta.chr-4	2.38619e-06	8.29712e-13	6.86247	2.87592e+06
As_732-1.whole.wo.indels.fasta.chr-4	6.86836e-07	2.38791e-13	1.97555	2.87631e+06
As_737-1.whole.wo.indels.fasta.chr-4	3.06329e-06	1.06528e-12	8.80877	2.87559e+06
As_739-3.whole.wo.indels.fasta.chr-4	8.80536e-05	3.16717e-11	244.807	2.7802e+06
As_746-1.whole.wo.indels.fasta.chr-4	6.88931e-07	2.39602e-13	1.9809	2.87532e+06
As_749-3.whole.wo.indels.fasta.chr-4	5.54386e-05	1.98208e-11	155.062	2.797e+06
As_754-2.whole.wo.indels.fasta.chr-4	1.70868e-06	5.94158e-13	4.91383	2.8758e+06
As_774-1.whole.wo.indels.fasta.chr-4	1.2937e-06	4.49841e-13	3.72053	2.87589e+06
As_CONR4D.whole.wo.indels.fasta.chr-4	6.90397e-07	2.40064e-13	1.9855	2.87589e+06
As_CONRI4.whole.wo.indels.fasta.chr-4	2.38983e-06	8.31039e-13	6.87249	2.87572e+06
As_OONR2J.whole.wo.indels.fasta.chr-4	3.40606e-06	1.18448e-12	9.79442	2.87558e+06
As_T2R3B.whole.wo.indels.fasta.chr-4	2.33959e-06	8.13559e-13	6.72806	2.87575e+06
NODE_49	8.21112e-05	3.03062e-11	222.471	2.70938e+06
NODE_50	3.23051e-05	1.13802e-11	91.7051	2.83872e+06
NODE_51	7.17512e-05	2.56598e-11	200.634	2.79625e+06
NODE_52	3.5291e-05	1.24282e-11	100.212	2.8396e+06
NODE_53	3.08334e-05	1.08011e-11	88.0187	2.85466e+06
NODE_54	9.31955e-06	3.25724e-12	26.6649	2.86118e+06
NODE_55	1.78451e-05	6.23235e-12	51.0962	2.86331e+06
NODE_56	1.83176e-05	6.42392e-12	52.2319	2.85147e+06
NODE_57	1.66011e-05	5.79961e-12	47.5201	2.86246e+06
NODE_58	2.79763e-05	9.78532e-12	79.9843	2.859e+06
NODE_59	6.86231e-07	2.38589e-13	1.97374	2.8762e+06
NODE_60	7.53593e-05	2.68678e-11	211.369	2.80481e+06
NODE_61	1.12684e-05	3.94264e-12	32.2059	2.85808e+06
NODE_62	1.36336e-06	4.74048e-13	3.92101	2.87599e+06
NODE_63	1.02465e-06	3.56242e-13	2.94718	2.87628e+06
NODE_64	8.34961e-05	2.98255e-11	233.746	2.79948e+06
NODE_65	4.17347e-05	1.4825e-11	117.49	2.81516e+06
NODE_66	6.8672e-07	2.38737e-13	1.97533	2.87647e+06
NODE_67	1.10149e-05	3.83279e-12	31.6555	2.87387e+06
NODE_68	3.77424e-06	1.32348e-12	10.7632	2.85175e+06
NODE_69	6.86706e-07	2.38766e-13	1.97501	2.87606e+06
NODE_70	6.85879e-07	2.38446e-13	1.9729	2.87646e+06
NODE_71	3.48056e-07	1.21008e-13	1.00112	2.87632e+06
NODE_72	6.86875e-07	2.38792e-13	1.97577	2.87646e+06
NODE_73	3.47651e-07	1.20861e-13	1	2.87646e+06
NODE_74	3.48114e-07	1.21021e-13	1.00134	2.87646e+06
NODE_75	8.58612e-06	2.99366e-12	24.6258	2.8681e+06
NODE_76	1.70292e-06	5.94382e-13	4.87893	2.86503e+06
NODE_77	3.63144e-05	1.26733e-11	104.056	2.86543e+06
NODE_78	3.48653e-07	1.2122e-13	1.0028	2.8762e+06
NODE_79	8.33152e-05	2.96334e-11	234.243	2.81153e+06
NODE_80	2.53164e-05	8.95377e-12	71.5813	2.82746e+06
NODE_81	2.37865e-06	8.26982e-13	6.84169	2.8763e+06
NODE_82	5.01258e-05	1.7703e-11	141.93	2.83148e+06
NODE_83	6.87559e-07	2.39036e-13	1.97768	2.87638e+06
NODE_84	6.85983e-07	2.38487e-13	1.97316	2.8764e+06
NODE_85	6.85935e-07	2.38458e-13	1.97313	2.87655e+06
NODE_86	8.48331e-06	2.96665e-12	24.2585	2.85956e+06
NODE_87	6.83395e-06	2.37899e-12	19.6313	2.87262e+06
NODE_88	5.11305e-05	1.80474e-11	144.859	2.83313e+06
NODE_89	3.47653e-07	1.20862e-13	1.00001	2.87645e+06
NODE_90	3.48489e-07	1.21159e-13	1.00235	2.87629e+06
NODE_91	3.48467e-07	1.21145e-13	1.00235	2.87644e+06
NODE_92	3.48077e-07	1.21015e-13	1.00118	2.87632e+06
NODE_93	1.02574e-06	3.5661e-13	2.95041	2.87637e+06
