Parameter	Posterior Mean	Posterior Variance	a_post	b_post
R/theta	0.498646	9.68978e-05	2566.08	5146.1
1/delta	0.00175592	1.20159e-09	2565.98	1.46133e+06
nu	0.0208526	1.42793e-08	30452	1.46034e+06
124-2.whole.wo.indels.fasta.chr-10	7.23024e-06	3.84227e-12	13.6056	1.88176e+06
131-4.whole.wo.indels.fasta.chr-10	9.46566e-06	5.02558e-12	17.8285	1.8835e+06
132-2.whole.wo.indels.fasta.chr-10	6.26372e-06	3.31854e-12	11.8227	1.88749e+06
134-1.whole.wo.indels.fasta.chr-10	4.11031e-06	2.17772e-12	7.75793	1.88743e+06
14-23s.whole.wo.indels.fasta.chr-10	0.00118087	7.60081e-10	1834.62	1.55361e+06
142-2.whole.wo.indels.fasta.chr-10	2.58452e-06	1.36915e-12	4.87875	1.88768e+06
144-2.whole.wo.indels.fasta.chr-10	4.92197e-06	2.60808e-12	9.28876	1.8872e+06
15-183s.whole.wo.indels.fasta.chr-10	7.68713e-05	4.18496e-11	141.201	1.83685e+06
15-186s.whole.wo.indels.fasta.chr-10	3.58211e-06	1.89777e-12	6.76135	1.88753e+06
15-19s.whole.wo.indels.fasta.chr-10	4.83079e-06	2.55934e-12	9.11816	1.88751e+06
15-1s.whole.wo.indels.fasta.chr-10	1.01641e-05	5.38735e-12	19.1761	1.88666e+06
15-20s.whole.wo.indels.fasta.chr-10	3.03491e-05	1.62431e-11	56.7053	1.86843e+06
15-235s.whole.wo.indels.fasta.chr-10	7.70125e-05	4.15338e-11	142.797	1.85421e+06
15-43s.whole.wo.indels.fasta.chr-10	5.14882e-06	2.72807e-12	9.71761	1.88735e+06
151-3.whole.wo.indels.fasta.chr-10	6.94191e-06	3.67757e-12	13.1038	1.88763e+06
152-1.whole.wo.indels.fasta.chr-10	1.04086e-06	5.51223e-13	1.96542	1.88827e+06
152-3.whole.wo.indels.fasta.chr-10	3.07988e-06	1.6313e-12	5.81478	1.88799e+06
152-4.whole.wo.indels.fasta.chr-10	4.59301e-06	2.43485e-12	8.66409	1.88636e+06
212-2.whole.wo.indels.fasta.chr-10	2.12536e-06	1.12576e-12	4.01254	1.88793e+06
213-1.whole.wo.indels.fasta.chr-10	2.52434e-06	1.33726e-12	4.76518	1.88769e+06
38-1.whole.wo.indels.fasta.chr-10	1.62745e-06	8.62033e-13	3.0725	1.88792e+06
45-1.whole.wo.indels.fasta.chr-10	5.63679e-06	2.98607e-12	10.6406	1.8877e+06
45-12.whole.wo.indels.fasta.chr-10	1.56455e-06	8.28976e-13	2.95281	1.88732e+06
45-13.whole.wo.indels.fasta.chr-10	5.64236e-06	2.98869e-12	10.6522	1.8879e+06
45-4.whole.wo.indels.fasta.chr-10	5.65884e-06	2.9972e-12	10.6841	1.88804e+06
47-10.whole.wo.indels.fasta.chr-10	3.59356e-06	1.90322e-12	6.78516	1.88815e+06
54-1.whole.wo.indels.fasta.chr-10	8.3868e-05	4.5702e-11	153.907	1.83511e+06
54-10.whole.wo.indels.fasta.chr-10	3.46339e-05	1.84425e-11	65.0404	1.87794e+06
736-1.whole.wo.indels.fasta.chr-10	0.000138045	7.45708e-11	255.548	1.85119e+06
As_615.whole.wo.indels.fasta.chr-10	6.1754e-06	3.27205e-12	11.655	1.88732e+06
As_628.whole.wo.indels.fasta.chr-10	5.78789e-06	3.06746e-12	10.921	1.88687e+06
As_676-1.whole.wo.indels.fasta.chr-10	0.000186296	1.0795e-10	321.5	1.72575e+06
As_687-1.whole.wo.indels.fasta.chr-10	4.93571e-06	2.61548e-12	9.31424	1.88711e+06
As_691-1.whole.wo.indels.fasta.chr-10	3.65601e-06	1.93763e-12	6.89833	1.88685e+06
As_692-1.whole.wo.indels.fasta.chr-10	6.00353e-06	3.18483e-12	11.3169	1.88504e+06
As_711-2.whole.wo.indels.fasta.chr-10	4.10972e-06	2.17716e-12	7.75773	1.88765e+06
As_720-3.whole.wo.indels.fasta.chr-10	3.17343e-06	1.68213e-12	5.98683	1.88655e+06
As_732-1.whole.wo.indels.fasta.chr-10	5.15295e-06	2.73105e-12	9.72259	1.8868e+06
As_737-1.whole.wo.indels.fasta.chr-10	4.67486e-06	2.47714e-12	8.82239	1.8872e+06
As_739-3.whole.wo.indels.fasta.chr-10	3.60128e-05	1.94557e-11	66.6602	1.85101e+06
As_746-1.whole.wo.indels.fasta.chr-10	7.17433e-06	3.80167e-12	13.5391	1.88715e+06
As_749-3.whole.wo.indels.fasta.chr-10	1.95777e-05	1.0448e-11	36.685	1.87382e+06
As_754-2.whole.wo.indels.fasta.chr-10	5.19167e-06	2.75324e-12	9.78974	1.88566e+06
As_774-1.whole.wo.indels.fasta.chr-10	4.36829e-06	2.31616e-12	8.23861	1.886e+06
As_CONR4D.whole.wo.indels.fasta.chr-10	4.80893e-06	2.54693e-12	9.07986	1.88813e+06
As_CONRI4.whole.wo.indels.fasta.chr-10	4.63307e-06	2.45425e-12	8.7462	1.88778e+06
As_OONR2J.whole.wo.indels.fasta.chr-10	4.43722e-06	2.35113e-12	8.37425	1.88727e+06
As_T2R3B.whole.wo.indels.fasta.chr-10	2.09956e-06	1.11249e-12	3.96239	1.88725e+06
NODE_49	2.57829e-06	1.36577e-12	4.86729	1.8878e+06
NODE_50	7.10943e-05	3.88279e-11	130.174	1.83101e+06
NODE_51	3.74359e-06	1.98334e-12	7.0661	1.88752e+06
NODE_52	2.07574e-06	1.09968e-12	3.91811	1.88758e+06
NODE_53	1.04111e-06	5.51464e-13	1.9655	1.88789e+06
NODE_54	2.06787e-06	1.09549e-12	3.90338	1.88763e+06
NODE_55	2.06738e-06	1.09523e-12	3.9024	1.88761e+06
NODE_56	1.5551e-06	8.23752e-13	2.93577	1.88783e+06
NODE_57	3.09404e-06	1.63964e-12	5.83856	1.88703e+06
NODE_58	1.55232e-06	8.22149e-13	2.93098	1.88813e+06
NODE_59	1.57487e-05	8.43054e-12	29.4194	1.86805e+06
NODE_60	2.07025e-06	1.09658e-12	3.90846	1.88792e+06
NODE_61	4.10997e-06	2.17709e-12	7.75891	1.88783e+06
NODE_62	2.304e-05	1.22924e-11	43.1844	1.87432e+06
NODE_63	2.40003e-05	1.27643e-11	45.1272	1.88027e+06
NODE_64	1.86503e-05	9.91982e-12	35.0644	1.8801e+06
NODE_65	3.07069e-05	1.65981e-11	56.8085	1.85002e+06
NODE_66	8.17805e-05	4.45044e-11	150.278	1.83758e+06
NODE_67	4.76954e-05	2.54842e-11	89.2651	1.87157e+06
NODE_68	8.95663e-06	4.7527e-12	16.8791	1.88453e+06
NODE_69	1.89e-05	1.01127e-11	35.3226	1.86893e+06
NODE_70	1.27701e-05	6.88952e-12	23.6699	1.85355e+06
NODE_71	3.08613e-06	1.63468e-12	5.82634	1.88791e+06
NODE_72	5.29653e-07	2.80529e-13	1.00001	1.88805e+06
NODE_73	1.55208e-06	8.2201e-13	2.93057	1.88815e+06
NODE_74	1.04102e-06	5.51482e-13	1.9651	1.88767e+06
NODE_75	2.03586e-05	1.09208e-11	37.9526	1.8642e+06
NODE_76	5.95896e-05	3.28001e-11	108.259	1.81675e+06
NODE_77	6.325e-06	3.38154e-12	11.8306	1.87045e+06
NODE_78	2.94706e-05	1.59108e-11	54.5865	1.85224e+06
NODE_79	3.20646e-05	1.71796e-11	59.8465	1.86644e+06
NODE_80	4.43121e-05	2.3824e-11	82.4195	1.85998e+06
NODE_81	2.09374e-06	1.109e-12	3.95288	1.88795e+06
NODE_82	1.04347e-06	5.52675e-13	1.97012	1.88804e+06
NODE_83	1.55457e-06	8.23428e-13	2.93492	1.88793e+06
NODE_84	5.30676e-07	2.81087e-13	1.00189	1.88795e+06
NODE_85	3.61034e-05	1.931e-11	67.5016	1.86967e+06
NODE_86	3.78675e-05	2.02219e-11	70.9107	1.8726e+06
NODE_87	2.48969e-05	1.33931e-11	46.2817	1.85893e+06
NODE_88	5.2038e-05	2.7882e-11	97.1222	1.86637e+06
NODE_89	3.95591e-05	2.10549e-11	74.3255	1.87885e+06
NODE_90	4.81055e-05	2.5847e-11	89.5325	1.86117e+06
NODE_91	5.80237e-05	3.10456e-11	108.445	1.86898e+06
NODE_92	6.18397e-05	3.34134e-11	114.45	1.85075e+06
NODE_93	2.57994e-06	1.36656e-12	4.87069	1.88791e+06
