Parameter	Posterior Mean	Posterior Variance	a_post	b_post
R/theta	0.534795	3.99843e-05	7152.94	13375.1
1/delta	0.00114642	1.83742e-10	7152.84	6.23929e+06
nu	0.0158139	2.53497e-09	98651.6	6.2383e+06
124-2.whole.wo.indels.fasta.chr-1	4.67069e-05	6.88203e-12	316.99	6.78679e+06
131-4.whole.wo.indels.fasta.chr-1	2.52676e-05	3.68847e-12	173.094	6.85044e+06
132-2.whole.wo.indels.fasta.chr-1	3.34554e-06	4.81754e-13	23.2332	6.94451e+06
134-1.whole.wo.indels.fasta.chr-1	1.9101e-06	2.75068e-13	13.264	6.94412e+06
14-23s.whole.wo.indels.fasta.chr-1	0.000449961	7.6615e-11	2642.63	5.87302e+06
142-2.whole.wo.indels.fasta.chr-1	2.818e-06	4.05971e-13	19.5608	6.94138e+06
144-2.whole.wo.indels.fasta.chr-1	2.60901e-06	3.75636e-13	18.121	6.94558e+06
15-183s.whole.wo.indels.fasta.chr-1	6.54852e-05	9.64906e-12	444.427	6.78669e+06
15-186s.whole.wo.indels.fasta.chr-1	1.98767e-06	2.86157e-13	13.8065	6.94607e+06
15-19s.whole.wo.indels.fasta.chr-1	2.94345e-06	4.23837e-13	20.4416	6.94477e+06
15-1s.whole.wo.indels.fasta.chr-1	4.602e-05	6.75237e-12	313.644	6.81538e+06
15-20s.whole.wo.indels.fasta.chr-1	6.35422e-05	9.31182e-12	433.601	6.82383e+06
15-235s.whole.wo.indels.fasta.chr-1	9.07976e-05	1.36809e-11	602.606	6.6368e+06
15-43s.whole.wo.indels.fasta.chr-1	3.2026e-06	4.61587e-13	22.2205	6.93825e+06
151-3.whole.wo.indels.fasta.chr-1	3.6388e-06	5.2418e-13	25.2602	6.94189e+06
152-1.whole.wo.indels.fasta.chr-1	2.79026e-06	4.01655e-13	19.3837	6.9469e+06
152-3.whole.wo.indels.fasta.chr-1	3.26371e-06	4.69905e-13	22.668	6.94546e+06
152-4.whole.wo.indels.fasta.chr-1	3.02081e-06	4.35291e-13	20.9637	6.93976e+06
212-2.whole.wo.indels.fasta.chr-1	2.98514e-06	4.29906e-13	20.7279	6.9437e+06
213-1.whole.wo.indels.fasta.chr-1	2.63658e-06	3.79756e-13	18.3053	6.94282e+06
38-1.whole.wo.indels.fasta.chr-1	3.84971e-06	5.54123e-13	26.7454	6.94739e+06
45-1.whole.wo.indels.fasta.chr-1	3.28588e-06	4.73086e-13	22.8224	6.94562e+06
45-12.whole.wo.indels.fasta.chr-1	2.67214e-06	3.84787e-13	18.5566	6.94447e+06
45-13.whole.wo.indels.fasta.chr-1	3.28852e-06	4.73412e-13	22.8435	6.94643e+06
45-4.whole.wo.indels.fasta.chr-1	2.48528e-06	3.57877e-13	17.259	6.94451e+06
47-10.whole.wo.indels.fasta.chr-1	2.29828e-06	3.30807e-13	15.9673	6.9475e+06
54-1.whole.wo.indels.fasta.chr-1	9.63291e-05	1.45412e-11	638.137	6.62456e+06
54-10.whole.wo.indels.fasta.chr-1	3.60069e-05	5.26718e-12	246.146	6.83608e+06
736-1.whole.wo.indels.fasta.chr-1	8.83499e-05	1.3103e-11	595.717	6.74271e+06
As_615.whole.wo.indels.fasta.chr-1	3.93587e-06	5.66875e-13	27.3272	6.9431e+06
As_628.whole.wo.indels.fasta.chr-1	3.21263e-06	4.63265e-13	22.2788	6.93475e+06
As_676-1.whole.wo.indels.fasta.chr-1	8.86239e-05	1.3244e-11	593.037	6.69161e+06
As_687-1.whole.wo.indels.fasta.chr-1	2.86534e-06	4.1292e-13	19.8832	6.93922e+06
As_691-1.whole.wo.indels.fasta.chr-1	3.24426e-06	4.6721e-13	22.5278	6.9439e+06
As_692-1.whole.wo.indels.fasta.chr-1	4.14019e-06	5.96497e-13	28.7364	6.94084e+06
As_711-2.whole.wo.indels.fasta.chr-1	4.48983e-06	6.46468e-13	31.1827	6.94518e+06
As_720-3.whole.wo.indels.fasta.chr-1	4.43003e-06	6.38123e-13	30.7546	6.94229e+06
As_732-1.whole.wo.indels.fasta.chr-1	2.76063e-06	3.97834e-13	19.1564	6.93914e+06
As_737-1.whole.wo.indels.fasta.chr-1	4.03354e-06	5.80638e-13	28.0199	6.94673e+06
As_739-3.whole.wo.indels.fasta.chr-1	3.86942e-05	5.71747e-12	261.871	6.76771e+06
As_746-1.whole.wo.indels.fasta.chr-1	5.21297e-06	7.50793e-13	36.1951	6.94328e+06
As_749-3.whole.wo.indels.fasta.chr-1	2.27587e-05	3.31416e-12	156.286	6.86709e+06
As_754-2.whole.wo.indels.fasta.chr-1	4.30914e-06	6.20629e-13	29.9192	6.94318e+06
As_774-1.whole.wo.indels.fasta.chr-1	2.8402e-06	4.09142e-13	19.7162	6.94184e+06
As_CONR4D.whole.wo.indels.fasta.chr-1	3.68435e-06	5.3046e-13	25.5899	6.94557e+06
As_CONRI4.whole.wo.indels.fasta.chr-1	3.87655e-06	5.58315e-13	26.9161	6.94331e+06
As_OONR2J.whole.wo.indels.fasta.chr-1	4.40585e-06	6.34834e-13	30.5773	6.94016e+06
As_T2R3B.whole.wo.indels.fasta.chr-1	5.09078e-06	7.35046e-13	35.2578	6.9258e+06
NODE_49	2.81019e-05	4.12811e-12	191.302	6.80744e+06
NODE_50	3.76557e-05	5.54232e-12	255.842	6.79422e+06
NODE_51	3.57635e-05	5.26858e-12	242.765	6.78807e+06
NODE_52	7.9288e-07	1.14122e-13	5.50865	6.94764e+06
NODE_53	7.01269e-07	1.00935e-13	4.87222	6.94771e+06
NODE_54	9.81073e-07	1.41182e-13	6.81746	6.94898e+06
NODE_55	2.83532e-07	4.08035e-14	1.97019	6.94873e+06
NODE_56	1.11227e-06	1.60071e-13	7.72878	6.94864e+06
NODE_57	2.838e-06	4.08527e-13	19.7154	6.94692e+06
NODE_58	1.28578e-05	1.89507e-12	87.2392	6.7849e+06
NODE_59	4.24679e-05	6.24266e-12	288.903	6.80285e+06
NODE_60	1.78889e-05	2.60847e-12	122.683	6.85803e+06
NODE_61	2.79137e-05	4.07616e-12	191.154	6.84803e+06
NODE_62	3.53056e-05	5.12906e-12	243.025	6.88345e+06
NODE_63	1.45434e-05	2.1086e-12	100.309	6.89719e+06
NODE_64	8.95854e-07	1.28971e-13	6.22275	6.94616e+06
NODE_65	4.18826e-05	6.20148e-12	282.86	6.75364e+06
NODE_66	1.46808e-06	2.1128e-13	10.201	6.94852e+06
NODE_67	8.57853e-06	1.23581e-12	59.5489	6.94162e+06
NODE_68	5.1353e-06	7.47353e-13	35.2862	6.87131e+06
NODE_69	3.21003e-05	4.6887e-12	219.769	6.84633e+06
NODE_70	1.92334e-06	2.76835e-13	13.3625	6.94758e+06
NODE_71	5.47317e-06	7.87698e-13	38.0293	6.94831e+06
NODE_72	6.31861e-05	9.29135e-12	429.699	6.80053e+06
NODE_73	2.26878e-05	3.31936e-12	155.071	6.835e+06
NODE_74	1.50712e-05	2.19333e-12	103.56	6.87137e+06
NODE_75	1.27944e-06	1.84273e-13	8.88334	6.94317e+06
NODE_76	4.2924e-05	6.24342e-12	295.106	6.87508e+06
NODE_77	1.81357e-05	2.62757e-12	125.174	6.90209e+06
NODE_78	9.28886e-06	1.34129e-12	64.3282	6.92531e+06
NODE_79	2.07773e-05	3.04841e-12	141.614	6.81579e+06
NODE_80	2.39935e-06	3.45443e-13	16.6652	6.94571e+06
NODE_81	6.47096e-05	9.53558e-12	439.127	6.78612e+06
NODE_82	3.36308e-05	4.87925e-12	231.804	6.89262e+06
NODE_83	4.17911e-05	6.16746e-12	283.179	6.77606e+06
NODE_84	8.68141e-07	1.24964e-13	6.0311	6.94714e+06
NODE_85	1.11877e-06	1.60985e-13	7.77489	6.94951e+06
NODE_86	2.15227e-06	3.09766e-13	14.9541	6.94805e+06
NODE_87	1.43284e-06	2.06222e-13	9.95539	6.94803e+06
NODE_88	1.15415e-05	1.67308e-12	79.6176	6.89836e+06
NODE_89	2.14014e-05	3.11418e-12	147.076	6.87224e+06
NODE_90	1.82473e-05	2.64718e-12	125.781	6.89312e+06
NODE_91	1.68817e-06	2.43044e-13	11.7259	6.94593e+06
NODE_92	1.4476e-06	2.08324e-13	10.0591	6.94879e+06
NODE_93	1.25839e-06	1.81088e-13	8.74457	6.94903e+06
