Parameter	Posterior Mean	Posterior Variance	a_post	b_post
R/theta	0.457693	7.32153e-05	2861.19	6251.33
1/delta	0.000800863	2.24241e-10	2860.24	3.57145e+06
nu	0.0127404	3.56827e-09	45488.9	3.57046e+06
124-2.whole.wo.indels.fasta.chr-2	2.62846e-05	5.23976e-12	131.854	5.01638e+06
131-4.whole.wo.indels.fasta.chr-2	1.3977e-05	2.77488e-12	70.4016	5.03697e+06
132-2.whole.wo.indels.fasta.chr-2	2.32553e-06	4.5917e-13	11.778	5.06464e+06
134-1.whole.wo.indels.fasta.chr-2	3.90817e-07	7.7088e-14	1.98134	5.06975e+06
14-23s.whole.wo.indels.fasta.chr-2	0.000180022	3.88563e-11	834.044	4.63302e+06
142-2.whole.wo.indels.fasta.chr-2	9.72779e-07	1.9186e-13	4.93225	5.07027e+06
144-2.whole.wo.indels.fasta.chr-2	1.39492e-06	2.7545e-13	7.06409	5.06415e+06
15-183s.whole.wo.indels.fasta.chr-2	5.32051e-05	1.07268e-11	263.899	4.96004e+06
15-186s.whole.wo.indels.fasta.chr-2	9.66632e-07	1.90613e-13	4.90195	5.07117e+06
15-19s.whole.wo.indels.fasta.chr-2	9.05654e-07	1.7878e-13	4.58781	5.06574e+06
15-1s.whole.wo.indels.fasta.chr-2	5.95835e-05	1.21431e-11	292.362	4.90677e+06
15-20s.whole.wo.indels.fasta.chr-2	2.59741e-05	5.21081e-12	129.472	4.98467e+06
15-235s.whole.wo.indels.fasta.chr-2	4.62679e-05	9.42279e-12	227.185	4.91021e+06
15-43s.whole.wo.indels.fasta.chr-2	1.5626e-06	3.08786e-13	7.90744	5.06045e+06
151-3.whole.wo.indels.fasta.chr-2	1.16014e-06	2.28747e-13	5.88391	5.07171e+06
152-1.whole.wo.indels.fasta.chr-2	9.74409e-07	1.92333e-13	4.93661	5.06626e+06
152-3.whole.wo.indels.fasta.chr-2	1.74482e-06	3.44165e-13	8.8457	5.0697e+06
152-4.whole.wo.indels.fasta.chr-2	1.62251e-06	3.20168e-13	8.22242	5.0677e+06
212-2.whole.wo.indels.fasta.chr-2	3.89791e-07	7.68939e-14	1.97593	5.06921e+06
213-1.whole.wo.indels.fasta.chr-2	1.29487e-06	2.55409e-13	6.56478	5.06982e+06
38-1.whole.wo.indels.fasta.chr-2	2.18743e-06	4.31312e-13	11.0937	5.07158e+06
45-1.whole.wo.indels.fasta.chr-2	1.33981e-06	2.64354e-13	6.79049	5.06825e+06
45-12.whole.wo.indels.fasta.chr-2	1.23572e-06	2.4379e-13	6.26358	5.06878e+06
45-13.whole.wo.indels.fasta.chr-2	7.7413e-07	1.52624e-13	3.92649	5.07213e+06
45-4.whole.wo.indels.fasta.chr-2	7.77192e-07	1.53277e-13	3.94075	5.0705e+06
47-10.whole.wo.indels.fasta.chr-2	9.68672e-07	1.91016e-13	4.9123	5.07117e+06
54-1.whole.wo.indels.fasta.chr-2	3.79993e-05	7.60009e-12	189.991	4.99986e+06
54-10.whole.wo.indels.fasta.chr-2	3.08557e-05	6.1984e-12	153.6	4.97801e+06
736-1.whole.wo.indels.fasta.chr-2	8.77942e-05	1.80511e-11	427	4.86364e+06
As_615.whole.wo.indels.fasta.chr-2	1.38493e-06	2.73346e-13	7.01684	5.06658e+06
As_628.whole.wo.indels.fasta.chr-2	1.51926e-06	2.99885e-13	7.69681	5.06615e+06
As_676-1.whole.wo.indels.fasta.chr-2	3.81865e-05	7.72642e-12	188.73	4.94233e+06
As_687-1.whole.wo.indels.fasta.chr-2	1.81413e-06	3.58493e-13	9.1803	5.06044e+06
As_691-1.whole.wo.indels.fasta.chr-2	1.23024e-06	2.43028e-13	6.22765	5.06214e+06
As_692-1.whole.wo.indels.fasta.chr-2	2.13309e-06	4.20881e-13	10.8108	5.06814e+06
As_711-2.whole.wo.indels.fasta.chr-2	7.96523e-07	1.57269e-13	4.03417	5.06472e+06
As_720-3.whole.wo.indels.fasta.chr-2	2.20115e-06	4.34495e-13	11.151	5.066e+06
As_732-1.whole.wo.indels.fasta.chr-2	2.09601e-06	4.13717e-13	10.619	5.0663e+06
As_737-1.whole.wo.indels.fasta.chr-2	1.43703e-06	2.83501e-13	7.28409	5.06886e+06
As_739-3.whole.wo.indels.fasta.chr-2	2.26572e-05	4.52396e-12	113.473	5.00825e+06
As_746-1.whole.wo.indels.fasta.chr-2	2.32415e-06	4.58486e-13	11.7816	5.06919e+06
As_749-3.whole.wo.indels.fasta.chr-2	2.80052e-05	5.59984e-12	140.056	5.00107e+06
As_754-2.whole.wo.indels.fasta.chr-2	2.23027e-06	4.40004e-13	11.3047	5.06874e+06
As_774-1.whole.wo.indels.fasta.chr-2	2.5299e-06	4.99192e-13	12.8215	5.068e+06
As_CONR4D.whole.wo.indels.fasta.chr-2	5.02672e-07	9.91178e-14	2.54928	5.07146e+06
As_CONRI4.whole.wo.indels.fasta.chr-2	1.183e-06	2.33631e-13	5.99021	5.06356e+06
As_OONR2J.whole.wo.indels.fasta.chr-2	1.38851e-06	2.73971e-13	7.03713	5.0681e+06
As_T2R3B.whole.wo.indels.fasta.chr-2	3.93371e-07	7.76286e-14	1.99335	5.06735e+06
NODE_49	4.08487e-05	8.38551e-12	198.988	4.87135e+06
NODE_50	1.60586e-05	3.22272e-12	80.0195	4.98295e+06
NODE_51	7.06073e-06	1.41056e-12	35.3435	5.00564e+06
NODE_52	5.84357e-07	1.15253e-13	2.96281	5.07021e+06
NODE_53	4.33792e-06	8.59405e-13	21.896	5.04758e+06
NODE_54	1.66633e-06	3.29065e-13	8.43807	5.06385e+06
NODE_55	9.7027e-07	1.91333e-13	4.92034	5.0711e+06
NODE_56	6.10007e-06	1.20693e-12	30.831	5.05421e+06
NODE_57	1.1128e-05	2.20022e-12	56.2823	5.0577e+06
NODE_58	5.34721e-06	1.05643e-12	27.0655	5.0616e+06
NODE_59	2.52504e-05	5.02992e-12	126.758	5.02004e+06
NODE_60	2.67071e-06	5.30404e-13	13.4477	5.03525e+06
NODE_61	4.97215e-05	1.00851e-11	245.135	4.93017e+06
NODE_62	1.37669e-06	2.71516e-13	6.98034	5.07038e+06
NODE_63	8.041e-07	1.58564e-13	4.07771	5.07114e+06
NODE_64	8.48007e-07	1.67256e-13	4.29949	5.07011e+06
NODE_65	1.09042e-06	2.15012e-13	5.53004	5.07146e+06
NODE_66	9.3927e-05	1.93132e-11	456.801	4.86336e+06
NODE_67	6.18285e-07	1.22037e-13	3.13246	5.06637e+06
NODE_68	3.75133e-06	7.4218e-13	18.961	5.05448e+06
NODE_69	9.88751e-07	1.95084e-13	5.01133	5.06834e+06
NODE_70	9.95e-07	1.96427e-13	5.04018	5.06551e+06
NODE_71	4.10301e-06	8.11151e-13	20.7541	5.05826e+06
NODE_72	1.75188e-05	3.48241e-12	88.1313	5.03066e+06
NODE_73	5.99033e-06	1.19118e-12	30.1247	5.02889e+06
NODE_74	3.30656e-05	6.60896e-12	165.432	5.00314e+06
NODE_75	2.72742e-05	5.45978e-12	136.247	4.99547e+06
NODE_76	1.98913e-07	3.92428e-14	1.00825	5.06879e+06
NODE_77	7.83361e-05	1.60696e-11	381.873	4.87481e+06
NODE_78	7.88587e-06	1.56471e-12	39.7434	5.03982e+06
NODE_79	1.50459e-05	2.98722e-12	75.7827	5.03677e+06
NODE_80	1.97644e-05	3.93812e-12	99.1922	5.01873e+06
NODE_81	9.27093e-06	1.84234e-12	46.6527	5.03215e+06
NODE_82	1.23356e-05	2.46727e-12	61.6743	4.9997e+06
NODE_83	5.30298e-05	1.06628e-11	263.736	4.97336e+06
NODE_84	3.90399e-07	7.69977e-14	1.97942	5.07026e+06
NODE_85	5.83771e-07	1.15111e-13	2.96051	5.07136e+06
NODE_86	3.89528e-07	7.68024e-14	1.97561	5.07182e+06
NODE_87	2.18447e-06	4.31118e-13	11.0687	5.06698e+06
NODE_88	6.46543e-06	1.27819e-12	32.7039	5.05827e+06
NODE_89	5.81768e-07	1.14702e-13	2.95072	5.07198e+06
NODE_90	3.89483e-07	7.67887e-14	1.97551	5.07214e+06
NODE_91	3.89521e-07	7.68024e-14	1.97554	5.07172e+06
NODE_92	2.99227e-06	5.9007e-13	15.1739	5.07104e+06
NODE_93	5.82266e-07	1.1483e-13	2.95249	5.0707e+06
